GRUPURI 
A
C1 CU C2
0 1 2 
12 13 14 
24 25 26
B
C1 CU C3
3 4 5 		
15 16 17 
27 28 29
C
C1 CU C2 
6 7 8		
 18 19 20 
30 31 32
D
C1 CU C3
9 10 11 	
21 22 23 
33 34 35
E
C2 CU C3
36 37 38	
42 43 44
48 49 50
F
C2 CU C3
39 40 41	
45 46 47
51 52 53

  
  CERCURI
  C1
   1 0-11
   2 12-23
   3 24-35
  C2 
   1 36-41
   2 42-47
   3 48-53
  C3 
   1
   2
   3
   
   
   INTERSECTII
 GRUP A
 C1 CU C2
    1.1 2.3 0 
    1.1 2.2 1
    1.1 2.1 2
    1.2 2.3 12
    1.2 2.2 13
    1.2 2.1 14
    1.3 2.3 24
    1.3 2.2 25
    1.3 2.1 26
  GRUP B
  C1 CU C3
    1.1 3.3 3 
    1.1 3.2 4 
    1.1 3.1 5 		
	1.2 3.3 15 
	1.2 3.2 16 
	1.2 3.1 17  
	1.3 3.3 27 
	1.3 3.2 28 
	1.3 3.1 29
  GRUP C
  C1 CU C2 
	1.1 2.1 6 
	1.1 2.2 7 
	1.1 2.3 8		
	1.2 2.1 18 
	1.2 2.2 19 
	1.2 2.3 20 
	1.3 2.1 30 
	1.3 2.2 31 
	1.3 2.3 32
D
C1 CU C3
	1.1 3.1 9 
	1.1 3.2 10 
	1.1 3.3 11 	
	1.2 3.1 21 
	1.2 3.2 22 
	1.2 3.3 23 
	1.3 3.1 33 
	1.3 3.2 34 
	1.3 3.3 35
E
C2 CU C3
	2.1 3.3 36 
	2.1 3.2 37 
	2.1 3.1 38	
	2.2 3.3 42 
	2.2 3.2 43 
	2.2 3.1 44
	2.3 3.3 48 
	2.3 3.2 49 
	2.3 3.1 50
F
C2 CU C3
	2.1 3.1 39 
	2.1 3.2 40 
	2.1 3.3 41	
	2.2 3.1 45 
	2.2 3.2 46 
	2.2 3.3 47
	2.3 3.1 51 
	2.3 3.2 52 
	2.3 3.3 53
    
    
    CULORI
    ALBA        0 1 2 3 4 5 6 7 8
    NEGRU       9 10 11 12 13 14 15 16 17
    ROSU        18 19 20 21 22 23 24 25 26
    ALBASTRU    27 28 29 30 31 32 33 34 35
    GALBEN      36 37 38 39 40 41 42 43 44
    VERDE       45 46 47 48 49 50 51 52 53 