221,
462,
225,
437,
230,
415,
285,
344,
307,
335,
329,
325,
410,
325,
433,
334,
457,
347,
510,
414,
513,
436,
519,
463,
195,
456,
198,
431,
207,
407,
279,
320,
300,
307,
323,
301,
417,
299,
439,
309,
460,
317,
532,
407,
536,
427,
543,
456,
172,
444,
177,
420,
185,
393,
275,
294,
297,
284,
319,
279,
418,
275,
445,
283,
469,
295,
553,
391,
563,
420,
567,
443,
323,
407,
343,
395,
366,
382,
366,
161,
348,
148,
326,
133,
343,
426,
367,
416,
387,
396,
389,
147,
368,
128,
345,
115,
371,
446,
395,
429,
413,
408,
414,
132,
398,
114,
371,
97